<?xml version="1.0" encoding="utf-8"?>
<COLLADA xmlns="http://www.collada.org/2005/11/COLLADASchema" version="1.4.1">
  <asset><contributor><author>Mixamo</author><authoring_tool>COLLADA Mixamo exporter</authoring_tool><comments></comments></contributor><created>2020-12-17T16:16:14Z</created><modified>2020-12-17T16:16:14Z</modified><revision></revision><title></title><unit meter="0.010000"/><up_axis>Y_UP</up_axis></asset>
  <library_animations>
    <animation id="mixamorig1_Hips-anim" name="mixamorig1_Hips"><source id="mixamorig1_Hips-Matrix-animation-input"><float_array id="mixamorig1_Hips-Matrix-animation-input-array" count="32">

0.000000 0.033333 0.066667 0.100000 0.133333 0.166667 0.200000 0.233333 0.266667 0.300000 0.333333 0.366667 0.400000 0.433333 0.466667 0.500000
0.533333 0.566667 0.600000 0.633333 0.666667 0.700000 0.733333 0.766667 0.800000 0.833333 0.866667 0.900000 0.933333 0.966667 1.000000 1.033333</float_array><technique_common><accessor source="#mixamorig1_Hips-Matrix-animation-input-array" count="32"><param name="TIME" type="float"/></accessor></technique_common></source><source id="mixamorig1_Hips-Matrix-animation-output-transform"><float_array id="mixamorig1_Hips-Matrix-animation-output-transform-array" count="512">

0.998521 0.027464 0.046926 -0.152144 -0.026656 0.999487 -0.017771 98.535202 -0.047390 0.016494 0.998740 0.775608 0.000000 0.000000 0.000000 1.000000
0.999333 0.027607 0.023894 -0.271538 -0.027185 0.999472 -0.017816 99.070099 -0.024374 0.017155 0.999556 6.149614 0.000000 0.000000 0.000000 1.000000
0.999483 0.031832 0.004501 -0.357133 -0.031758 0.999373 -0.015635 99.022102 -0.004996 0.015483 0.999868 11.463465 0.000000 0.000000 0.000000 1.000000
0.999331 0.035387 -0.009237 -0.377942 -0.035498 0.999297 -0.012082 98.516937 0.008803 0.012402 0.999884 17.014978 0.000000 0.000000 0.000000 1.000000
0.999171 0.035854 -0.019292 -0.387201 -0.036056 0.999298 -0.010208 97.663887 0.018912 0.010895 0.999762 22.414051 0.000000 0.000000 0.000000 1.000000
0.998950 0.034555 -0.030080 -0.329885 -0.034913 0.999324 -0.011482 96.639587 0.029663 0.012521 0.999482 27.776136 0.000000 0.000000 0.000000 1.000000
0.998513 0.033458 -0.043041 -0.178533 -0.034069 0.999328 -0.013542 95.570679 0.042559 0.014989 0.998982 33.283527 0.000000 0.000000 0.000000 1.000000
0.997907 0.032763 -0.055744 0.084946 -0.033553 0.999349 -0.013286 94.356133 0.055272 0.015128 0.998357 39.237354 0.000000 0.000000 0.000000 1.000000
0.997414 0.030292 -0.065176 0.573666 -0.031160 0.999438 -0.012352 93.019516 0.064766 0.014351 0.997797 45.805012 0.000000 0.000000 0.000000 1.000000
0.997337 0.023304 -0.069111 1.067765 -0.024462 0.999573 -0.015962 92.285942 0.068709 0.017610 0.997481 52.533531 0.000000 0.000000 0.000000 1.000000
0.997696 0.014248 -0.066336 1.607093 -0.015871 0.999586 -0.024009 92.140381 0.065966 0.025007 0.997508 58.979092 0.000000 0.000000 0.000000 1.000000
0.998286 0.007333 -0.058055 2.108036 -0.009028 0.999539 -0.028991 92.443665 0.057815 0.029465 0.997892 64.957947 0.000000 0.000000 0.000000 1.000000
0.998745 0.004974 -0.049841 2.617689 -0.006293 0.999633 -0.026349 93.635376 0.049692 0.026630 0.998410 70.710030 0.000000 0.000000 0.000000 1.000000
0.999023 0.008114 -0.043450 3.033202 -0.008981 0.999764 -0.019780 95.394470 0.043279 0.020151 0.998860 76.299751 0.000000 0.000000 0.000000 1.000000
0.999336 0.015952 -0.032770 3.287666 -0.016452 0.999752 -0.015037 97.096458 0.032522 0.015566 0.999350 81.686363 0.000000 0.000000 0.000000 1.000000
0.999647 0.024496 -0.010266 3.500600 -0.024651 0.999580 -0.015240 98.548370 0.009888 0.015488 0.999831 87.174698 0.000000 0.000000 0.000000 1.000000
0.999401 0.026874 0.021826 3.649515 -0.026431 0.999444 -0.020325 99.359482 -0.022360 0.019736 0.999555 92.301262 0.000000 0.000000 0.000000 1.000000
0.998397 0.019775 0.053032 3.727273 -0.018362 0.999467 -0.027009 99.415855 -0.053538 0.025992 0.998227 97.345482 0.000000 0.000000 0.000000 1.000000
0.997162 0.006847 0.074975 3.765243 -0.004500 0.999496 -0.031424 98.802567 -0.075152 0.030997 0.996690 102.656067 0.000000 0.000000 0.000000 1.000000
0.996133 -0.005995 0.087656 3.809193 0.008878 0.999431 -0.032540 97.687080 -0.087411 0.033192 0.995619 108.073708 0.000000 0.000000 0.000000 1.000000
0.995135 -0.015683 0.097262 3.803188 0.018893 0.999304 -0.032172 96.404648 -0.096690 0.033853 0.994739 113.567116 0.000000 0.000000 0.000000 1.000000
0.993775 -0.021608 0.109294 3.748706 0.025298 0.999152 -0.032490 94.936508 -0.108499 0.035053 0.993478 119.197548 0.000000 0.000000 0.000000 1.000000
0.991967 -0.023528 0.124293 3.585410 0.028006 0.999016 -0.034401 93.533325 -0.123361 0.037606 0.991649 124.855400 0.000000 0.000000 0.000000 1.000000
0.990230 -0.019823 0.138028 3.175316 0.025329 0.998947 -0.038247 92.298996 -0.137124 0.041370 0.989690 130.999344 0.000000 0.000000 0.000000 1.000000
0.989595 -0.008536 0.143625 2.650023 0.015122 0.998881 -0.044822 91.698807 -0.143081 0.046528 0.988617 137.408707 0.000000 0.000000 0.000000 1.000000
0.990467 0.008853 0.137463 2.062701 -0.001543 0.998583 -0.053196 91.669861 -0.137739 0.052477 0.989077 143.510193 0.000000 0.000000 0.000000 1.000000
0.991725 0.027299 0.125446 1.515486 -0.020101 0.998097 -0.058295 92.410851 -0.126798 0.055291 0.990386 149.467896 0.000000 0.000000 0.000000 1.000000
0.992372 0.040209 0.116539 0.867330 -0.033994 0.997917 -0.054833 93.604355 -0.118501 0.050453 0.991671 155.228439 0.000000 0.000000 0.000000 1.000000
0.992900 0.044333 0.110385 0.473818 -0.039731 0.998261 -0.043549 95.116318 -0.112124 0.038854 0.992934 160.916656 0.000000 0.000000 0.000000 1.000000
0.994280 0.040739 0.098728 0.210611 -0.037883 0.998813 -0.030632 96.560486 -0.099859 0.026716 0.994643 166.771439 0.000000 0.000000 0.000000 1.000000
0.996482 0.033382 0.076873 0.004651 -0.031812 0.999261 -0.021567 97.733749 -0.077536 0.019046 0.996808 172.579056 0.000000 0.000000 0.000000 1.000000
0.998521 0.027465 0.046926 -0.152141 -0.026656 0.999487 -0.017771 98.535202 -0.047390 0.016494 0.998740 178.049408 0.000000 0.000000 0.000000 1.000000</float_array><technique_common><accessor source="#mixamorig1_Hips-Matrix-animation-output-transform-array" count="32" stride="16"><param type="float4x4"/></accessor></technique_common></source><source id="mixamorig1_Hips-Interpolations"><Name_array id="mixamorig1_Hips-Interpolations-array" count="32">
 LINEAR LINEAR LINEAR LINEAR LINEAR LINEAR LINEAR LINEAR LINEAR LINEAR LINEAR
LINEAR LINEAR LINEAR LINEAR LINEAR LINEAR LINEAR LINEAR LINEAR LINEAR LINEAR LINEAR
LINEAR LINEAR LINEAR LINEAR LINEAR LINEAR LINEAR LINEAR LINEAR</Name_array><technique_common><accessor source="#mixamorig1_Hips-Interpolations-array" count="32"><param type="name"/></accessor></technique_common></source><sampler id="mixamorig1_Hips-Matrix-animation-transform"><input semantic="INPUT" source="#mixamorig1_Hips-Matrix-animation-input"/><input semantic="OUTPUT" source="#mixamorig1_Hips-Matrix-animation-output-transform"/><input semantic="INTERPOLATION" source="#mixamorig1_Hips-Interpolations"/></sampler><channel source="#mixamorig1_Hips-Matrix-animation-transform" target="mixamorig1_Hips/matrix"/></animation>
    <animation id="mixamorig1_Spine-anim" name="mixamorig1_Spine"><source id="mixamorig1_Spine-Matrix-animation-input"><float_array id="mixamorig1_Spine-Matrix-animation-input-array" count="32">

0.000000 0.033333 0.066667 0.100000 0.133333 0.166667 0.200000 0.233333 0.266667 0.300000 0.333333 0.366667 0.400000 0.433333 0.466667 0.500000
0.533333 0.566667 0.600000 0.633333 0.666667 0.700000 0.733333 0.766667 0.800000 0.833333 0.866667 0.900000 0.933333 0.966667 1.000000 1.033333</float_array><technique_common><accessor source="#mixamorig1_Spine-Matrix-animation-input-array" count="32"><param name="TIME" type="float"/></accessor></technique_common></source><source id="mixamorig1_Spine-Matrix-animation-output-transform"><float_array id="mixamorig1_Spine-Matrix-animation-output-transform-array" count="512">

0.999967 -0.005990 0.005500 0.000000 0.005304 0.993090 0.117240 9.717300 -0.006164 -0.117206 0.993088 -1.180200 0.000000 0.000000 0.000000 1.000000
0.999930 -0.003747 0.011230 0.000000 0.002409 0.993140 0.116908 9.717300 -0.011591 -0.116873 0.993079 -1.180200 0.000000 0.000000 0.000000 1.000000
0.999867 -0.002987 0.016011 0.000000 0.001126 0.993365 0.115000 9.717300 -0.016248 -0.114967 0.993236 -1.180200 0.000000 0.000000 0.000000 1.000000
0.999805 -0.003045 0.019535 0.000000 0.000797 0.993473 0.114066 9.717300 -0.019755 -0.114028 0.993281 -1.180200 0.000000 0.000000 0.000000 1.000000
0.999746 -0.002388 0.022427 0.000000 -0.000156 0.993623 0.112752 9.717300 -0.022553 -0.112727 0.993370 -1.180200 0.000000 0.000000 0.000000 1.000000
0.999673 -0.001100 0.025549 0.000000 -0.001782 0.993651 0.112493 9.717300 -0.025511 -0.112502 0.993324 -1.180200 0.000000 0.000000 0.000000 1.000000
0.999574 0.000793 0.029174 0.000000 -0.004077 0.993625 0.112666 9.717300 -0.028898 -0.112737 0.993205 -1.180200 0.000000 0.000000 0.000000 1.000000
0.999458 0.002700 0.032820 -0.000000 -0.006396 0.993570 0.113043 9.717300 -0.032304 -0.113191 0.993048 -1.180200 0.000000 0.000000 0.000000 1.000000
0.999354 0.004397 0.035669 0.000000 -0.008443 0.993434 0.114098 9.717300 -0.034933 -0.114326 0.992829 -1.180200 0.000000 0.000000 0.000000 1.000000
0.999315 0.006670 0.036404 0.000000 -0.010920 0.992971 0.117853 9.717300 -0.035362 -0.118170 0.992364 -1.180200 0.000000 0.000000 0.000000 1.000000
0.999370 0.008938 0.034342 0.000000 -0.013104 0.992309 0.123093 9.717300 -0.032978 -0.123466 0.991801 -1.180200 0.000000 0.000000 0.000000 1.000000
0.999503 0.009700 0.030008 -0.000000 -0.013387 0.992041 0.125201 9.717300 -0.028555 -0.125541 0.991677 -1.180200 0.000000 0.000000 0.000000 1.000000
0.999635 0.008679 0.025584 0.000000 -0.011779 0.992256 0.123652 9.717300 -0.024313 -0.123908 0.991996 -1.180200 0.000000 0.000000 0.000000 1.000000
0.999739 0.007799 0.021464 0.000000 -0.010345 0.992575 0.121195 9.717300 -0.020360 -0.121386 0.992397 -1.180200 0.000000 0.000000 0.000000 1.000000
0.999850 0.005939 0.016266 0.000000 -0.007838 0.992828 0.119296 9.717300 -0.015441 -0.119406 0.992725 -1.180200 0.000000 0.000000 0.000000 1.000000
0.999956 0.003287 0.008745 -0.000000 -0.004302 0.992911 0.118780 9.717300 -0.008293 -0.118812 0.992882 -1.180200 0.000000 0.000000 0.000000 1.000000
0.999998 0.002021 0.000189 0.000000 -0.002029 0.993010 0.118014 9.717300 0.000051 -0.118014 0.993012 -1.180200 0.000000 0.000000 0.000000 1.000000
0.999971 0.002875 -0.007005 -0.000000 -0.002033 0.993096 0.117283 9.717300 0.007294 -0.117265 0.993074 -1.180200 0.000000 0.000000 0.000000 1.000000
0.999921 0.004864 -0.011611 0.000000 -0.003477 0.993167 0.116654 9.717300 0.012099 -0.116604 0.993105 -1.180200 0.000000 0.000000 0.000000 1.000000
0.999880 0.005816 -0.014350 -0.000000 -0.004127 0.993352 0.115038 9.717300 0.014923 -0.114965 0.993257 -1.180200 0.000000 0.000000 0.000000 1.000000
0.999840 0.006647 -0.016613 0.000000 -0.004720 0.993534 0.113436 9.717300 0.017260 -0.113339 0.993406 -1.180200 0.000000 0.000000 0.000000 1.000000
0.999792 0.005873 -0.019546 0.000000 -0.003637 0.993638 0.112563 9.717300 0.020083 -0.112468 0.993452 -1.180200 0.000000 0.000000 0.000000 1.000000
0.999727 0.003609 -0.023102 0.000000 -0.000990 0.993662 0.112405 9.717300 0.023361 -0.112352 0.993394 -1.180200 0.000000 0.000000 0.000000 1.000000
0.999654 0.001152 -0.026282 0.000000 0.001864 0.993428 0.114439 9.717300 0.026241 -0.114449 0.993083 -1.180200 0.000000 0.000000 0.000000 1.000000
0.999620 -0.002138 -0.027491 0.000000 0.005398 0.992872 0.119059 9.717300 0.027040 -0.119162 0.992506 -1.180200 0.000000 0.000000 0.000000 1.000000
0.999665 -0.005457 -0.025301 0.000000 0.008551 0.992265 0.123842 9.717300 0.024430 -0.124017 0.991979 -1.180200 0.000000 0.000000 0.000000 1.000000
0.999732 -0.009494 -0.021107 0.000000 0.012084 0.991933 0.126186 9.717300 0.019739 -0.126408 0.991782 -1.180200 0.000000 0.000000 0.000000 1.000000
0.999784 -0.011584 -0.017273 0.000000 0.013654 0.992062 0.125004 9.717300 0.015687 -0.125213 0.992006 -1.180200 0.000000 0.000000 0.000000 1.000000
0.999815 -0.012880 -0.014262 -0.000000 0.014525 0.992432 0.121936 9.717300 0.012584 -0.122121 0.992435 -1.180200 0.000000 0.000000 0.000000 1.000000
0.999880 -0.012032 -0.009726 0.000000 0.013108 0.992758 0.119412 9.717300 0.008219 -0.119525 0.992797 -1.180200 0.000000 0.000000 0.000000 1.000000
0.999956 -0.008939 -0.002675 0.000000 0.009193 0.992922 0.118411 9.717300 0.001598 -0.118431 0.992961 -1.180200 0.000000 0.000000 0.000000 1.000000
0.999967 -0.005990 0.005500 0.000000 0.005304 0.993089 0.117240 9.717300 -0.006164 -0.117207 0.993088 -1.180200 0.000000 0.000000 0.000000 1.000000</float_array><technique_common><accessor source="#mixamorig1_Spine-Matrix-animation-output-transform-array" count="32" stride="16"><param type="float4x4"/></accessor></technique_common></source><source id="mixamorig1_Spine-Interpolations"><Name_array id="mixamorig1_Spine-Interpolations-array" count="32">
 LINEAR LINEAR LINEAR LINEAR LINEAR LINEAR LINEAR LINEAR LINEAR LINEAR LINEAR
LINEAR LINEAR LINEAR LINEAR LINEAR LINEAR LINEAR LINEAR LINEAR LINEAR LINEAR LINEAR
LINEAR LINEAR LINEAR LINEAR LINEAR LINEAR LINEAR LINEAR LINEAR</Name_array><technique_common><accessor source="#mixamorig1_Spine-Interpolations-array" count="32"><param type="name"/></accessor></technique_common></source><sampler id="mixamorig1_Spine-Matrix-animation-transform"><input semantic="INPUT" source="#mixamorig1_Spine-Matrix-animation-input"/><input semantic="OUTPUT" source="#mixamorig1_Spine-Matrix-animation-output-transform"/><input semantic="INTERPOLATION" source="#mixamorig1_Spine-Interpolations"/></sampler><channel source="#mixamorig1_Spine-Matrix-animation-transform" target="mixamorig1_Spine/matrix"/></animation>
    <animation id="mixamorig1_Spine1-anim" name="mixamorig1_Spine1"><source id="mixamorig1_Spine1-Matrix-animation-input"><float_array id="mixamorig1_Spine1-Matrix-animation-input-array" count="32">

0.000000 0.033333 0.066667 0.100000 0.133333 0.166667 0.200000 0.233333 0.266667 0.300000 0.333333 0.366667 0.400000 0.433333 0.466667 0.500000
0.533333 0.566667 0.600000 0.633333 0.666667 0.700000 0.733333 0.766667 0.800000 0.833333 0.866667 0.900000 0.933333 0.966667 1.000000 1.033333</float_array><technique_common><accessor source="#mixamorig1_Spine1-Matrix-animation-input-array" count="32"><param name="TIME" type="float"/></accessor></technique_common></source><source id="mixamorig1_Spine1-Matrix-animation-output-transform"><float_array id="mixamorig1_Spine1-Matrix-animation-output-transform-array" count="512">

0.999889 -0.010066 0.010951 0.000000 0.010140 0.999926 -0.006716 11.420100 -0.010882 0.006826 0.999917 0.000000 0.000000 0.000000 0.000000 1.000000
0.999723 -0.005409 0.022892 -0.000000 0.005579 0.999957 -0.007384 11.420100 -0.022851 0.007509 0.999711 -0.000000 0.000000 0.000000 0.000000 1.000000
0.999450 -0.003241 0.033006 0.000000 0.003614 0.999930 -0.011239 11.420100 -0.032968 0.011353 0.999392 0.000000 0.000000 0.000000 0.000000 1.000000
0.999167 -0.002518 0.040738 -0.000000 0.003055 0.999909 -0.013140 11.420100 -0.040701 0.013254 0.999083 0.000000 0.000000 0.000000 0.000000 1.000000
0.998865 -0.000461 0.047630 0.000000 0.001216 0.999874 -0.015824 11.420100 -0.047616 0.015864 0.998740 0.000000 0.000000 0.000000 0.000000 1.000000
0.998454 0.002635 0.055522 0.000000 -0.001727 0.999864 -0.016402 11.420100 -0.055558 0.016281 0.998323 0.000000 0.000000 0.000000 0.000000 1.000000
0.997879 0.005928 0.064829 0.000000 -0.004895 0.999859 -0.016083 11.420100 -0.064915 0.015732 0.997767 -0.000000 0.000000 0.000000 0.000000 1.000000
0.997228 0.008530 0.073914 -0.000000 -0.007418 0.999855 -0.015316 11.420100 -0.074034 0.014725 0.997147 0.000000 0.000000 0.000000 0.000000 1.000000
0.996679 0.010881 0.080699 -0.000000 -0.009848 0.999865 -0.013187 11.420100 -0.080832 0.012348 0.996651 0.000000 0.000000 0.000000 0.000000 1.000000
0.996396 0.014198 0.083621 0.000000 -0.013773 0.999889 -0.005659 11.420100 -0.083692 0.004487 0.996482 0.000000 0.000000 0.000000 0.000000 1.000000
0.996446 0.020478 0.081709 0.000000 -0.020926 0.999770 0.004635 11.420100 -0.081595 -0.006328 0.996645 0.000000 0.000000 0.000000 0.000000 1.000000
0.996911 0.025505 0.074279 0.000000 -0.026217 0.999619 0.008632 11.420100 -0.074031 -0.010552 0.997200 0.000000 0.000000 0.000000 0.000000 1.000000
0.997703 0.024852 0.063012 0.000000 -0.025252 0.999666 0.005551 11.420100 -0.062853 -0.007130 0.997997 -0.000000 0.000000 0.000000 0.000000 1.000000
0.998475 0.021978 0.050633 0.000000 -0.022046 0.999757 0.000786 11.420100 -0.050604 -0.001901 0.998717 0.000000 0.000000 0.000000 0.000000 1.000000
0.999203 0.016325 0.036431 0.000000 -0.016233 0.999864 -0.002826 11.420100 -0.036472 0.002232 0.999332 0.000000 0.000000 0.000000 0.000000 1.000000
0.999763 0.010078 0.019284 -0.000000 -0.010008 0.999943 -0.003730 11.420100 -0.019320 0.003536 0.999807 0.000000 0.000000 0.000000 0.000000 1.000000
0.999973 0.007300 0.001127 0.000000 -0.007294 0.999960 -0.005199 11.420100 -0.001165 0.005191 0.999986 -0.000000 0.000000 0.000000 0.000000 1.000000
0.999868 0.008293 -0.013979 0.000000 -0.008386 0.999943 -0.006606 11.420100 0.013923 0.006722 0.999880 -0.000000 0.000000 0.000000 0.000000 1.000000
0.999659 0.010761 -0.023794 -0.000000 -0.010949 0.999910 -0.007811 11.420100 0.023708 0.008069 0.999686 0.000000 0.000000 0.000000 0.000000 1.000000
0.999496 0.010141 -0.030076 0.000000 -0.010478 0.999884 -0.011040 11.420100 0.029960 0.011350 0.999487 0.000000 0.000000 0.000000 0.000000 1.000000
0.999319 0.009007 -0.035795 0.000000 -0.009523 0.999853 -0.014263 11.420100 0.035661 0.014594 0.999257 0.000000 0.000000 0.000000 0.000000 1.000000
0.999040 0.006611 -0.043306 0.000000 -0.007311 0.999845 -0.016031 11.420100 0.043193 0.016332 0.998933 -0.000000 0.000000 0.000000 0.000000 1.000000
0.998636 0.003384 -0.052105 0.000000 -0.004241 0.999857 -0.016354 11.420100 0.052042 0.016553 0.998508 0.000000 0.000000 0.000000 0.000000 1.000000
0.998240 0.000619 -0.059295 0.000000 -0.001348 0.999924 -0.012256 11.420100 0.059283 0.012315 0.998165 0.000000 0.000000 0.000000 0.000000 1.000000
0.998082 -0.003635 -0.061792 0.000000 0.003457 0.999990 -0.002986 11.420100 0.061803 0.002767 0.998085 0.000000 0.000000 0.000000 0.000000 1.000000
0.998264 -0.009427 -0.058146 0.000000 0.009824 0.999930 0.006556 11.420100 0.058080 -0.007116 0.998287 -0.000000 0.000000 0.000000 0.000000 1.000000
0.998541 -0.018267 -0.050818 -0.000000 0.018857 0.999760 0.011149 11.420100 0.050602 -0.012091 0.998646 0.000000 0.000000 0.000000 0.000000 1.000000
0.998840 -0.023210 -0.042179 0.000000 0.023598 0.999683 0.008732 11.420100 0.041963 -0.009717 0.999072 0.000000 0.000000 0.000000 0.000000 1.000000
0.999166 -0.024276 -0.032827 0.000000 0.024374 0.999700 0.002583 11.420100 0.032754 -0.003381 0.999458 0.000000 0.000000 0.000000 0.000000 1.000000
0.999563 -0.020874 -0.020908 0.000000 0.020828 0.999780 -0.002442 11.420100 0.020955 0.002006 0.999778 0.000000 0.000000 0.000000 0.000000 1.000000
0.999866 -0.015292 -0.005855 0.000000 0.015266 0.999874 -0.004399 11.420100 0.005922 0.004310 0.999973 0.000000 0.000000 0.000000 0.000000 1.000000
0.999889 -0.010066 0.010951 0.000000 0.010140 0.999926 -0.006716 11.420100 -0.010882 0.006826 0.999917 0.000000 0.000000 0.000000 0.000000 1.000000</float_array><technique_common><accessor source="#mixamorig1_Spine1-Matrix-animation-output-transform-array" count="32" stride="16"><param type="float4x4"/></accessor></technique_common></source><source id="mixamorig1_Spine1-Interpolations"><Name_array id="mixamorig1_Spine1-Interpolations-array" count="32">
 LINEAR LINEAR LINEAR LINEAR LINEAR LINEAR LINEAR LINEAR LINEAR LINEAR LINEAR
LINEAR LINEAR LINEAR LINEAR LINEAR LINEAR LINEAR LINEAR LINEAR LINEAR LINEAR LINEAR
LINEAR LINEAR LINEAR LINEAR LINEAR LINEAR LINEAR LINEAR LINEAR</Name_array><technique_common><accessor source="#mixamorig1_Spine1-Interpolations-array" count="32"><param type="name"/></accessor></technique_common></source><sampler id="mixamorig1_Spine1-Matrix-animation-transform"><input semantic="INPUT" source="#mixamorig1_Spine1-Matrix-animation-input"/><input semantic="OUTPUT" source="#mixamorig1_Spine1-Matrix-animation-output-transform"/><input semantic="INTERPOLATION" source="#mixamorig1_Spine1-Interpolations"/></sampler><channel source="#mixamorig1_Spine1-Matrix-animation-transform" target="mixamorig1_Spine1/matrix"/></animation>
    <animation id="mixamorig1_Spine2-anim" name="mixamorig1_Spine2"><source id="mixamorig1_Spine2-Matrix-animation-input"><float_array id="mixamorig1_Spine2-Matrix-animation-input-array" count="32">

0.000000 0.033333 0.066667 0.100000 0.133333 0.166667 0.200000 0.233333 0.266667 0.300000 0.333333 0.366667 0.400000 0.433333 0.466667 0.500000
0.533333 0.566667 0.600000 0.633333 0.666667 0.700000 0.733333 0.766667 0.800000 0.833333 0.866667 0.900000 0.933333 0.966667 1.000000 1.033333</float_array><technique_common><accessor source="#mixamorig1_Spine2-Matrix-animation-input-array" count="32"><param name="TIME" type="float"/></accessor></technique_common></source><source id="mixamorig1_Spine2-Matrix-animation-output-transform"><float_array id="mixamorig1_Spine2-Matrix-animation-output-transform-array" count="512">

0.999889 -0.010066 0.010951 0.000000 0.010140 0.999926 -0.006716 13.051600 -0.010882 0.006826 0.999917 0.000000 0.000000 0.000000 0.000000 1.000000
0.999723 -0.005409 0.022892 0.000000 0.005579 0.999957 -0.007384 13.051600 -0.022851 0.007509 0.999711 -0.000000 0.000000 0.000000 0.000000 1.000000
0.999450 -0.003241 0.033006 0.000000 0.003614 0.999930 -0.011239 13.051600 -0.032968 0.011353 0.999392 0.000000 0.000000 0.000000 0.000000 1.000000
0.999167 -0.002518 0.040738 0.000000 0.003055 0.999909 -0.013140 13.051600 -0.040701 0.013254 0.999083 -0.000000 0.000000 0.000000 0.000000 1.000000
0.998865 -0.000461 0.047630 0.000000 0.001216 0.999874 -0.015824 13.051600 -0.047616 0.015864 0.998740 0.000000 0.000000 0.000000 0.000000 1.000000
0.998454 0.002635 0.055522 0.000000 -0.001727 0.999864 -0.016402 13.051600 -0.055558 0.016281 0.998323 0.000000 0.000000 0.000000 0.000000 1.000000
0.997879 0.005928 0.064829 -0.000000 -0.004895 0.999859 -0.016083 13.051600 -0.064915 0.015732 0.997767 0.000000 0.000000 0.000000 0.000000 1.000000
0.997228 0.008530 0.073914 0.000000 -0.007418 0.999855 -0.015316 13.051600 -0.074034 0.014725 0.997147 -0.000000 0.000000 0.000000 0.000000 1.000000
0.996679 0.010881 0.080699 0.000000 -0.009848 0.999865 -0.013187 13.051600 -0.080832 0.012348 0.996651 -0.000000 0.000000 0.000000 0.000000 1.000000
0.996396 0.014198 0.083621 0.000000 -0.013773 0.999889 -0.005659 13.051600 -0.083692 0.004487 0.996482 0.000000 0.000000 0.000000 0.000000 1.000000
0.996446 0.020478 0.081709 0.000000 -0.020926 0.999770 0.004635 13.051600 -0.081595 -0.006328 0.996645 0.000000 0.000000 0.000000 0.000000 1.000000
0.996911 0.025505 0.074279 0.000000 -0.026217 0.999619 0.008632 13.051600 -0.074031 -0.010552 0.997200 0.000000 0.000000 0.000000 0.000000 1.000000
0.997703 0.024852 0.063012 0.000000 -0.025252 0.999666 0.005551 13.051600 -0.062853 -0.007130 0.997997 -0.000000 0.000000 0.000000 0.000000 1.000000
0.998475 0.021978 0.050633 0.000000 -0.022046 0.999757 0.000786 13.051600 -0.050604 -0.001901 0.998717 0.000000 0.000000 0.000000 0.000000 1.000000
0.999203 0.016325 0.036431 0.000000 -0.016233 0.999864 -0.002826 13.051600 -0.036472 0.002232 0.999332 0.000000 0.000000 0.000000 0.000000 1.000000
0.999763 0.010078 0.019284 -0.000000 -0.010008 0.999943 -0.003730 13.051600 -0.019320 0.003536 0.999807 0.000000 0.000000 0.000000 0.000000 1.000000
0.999973 0.007300 0.001127 0.000000 -0.007294 0.999960 -0.005199 13.051600 -0.001165 0.005191 0.999986 0.000000 0.000000 0.000000 0.000000 1.000000
0.999868 0.008293 -0.013979 0.000000 -0.008386 0.999943 -0.006606 13.051600 0.013923 0.006722 0.999880 0.000000 0.000000 0.000000 0.000000 1.000000
0.999659 0.010761 -0.023794 0.000000 -0.010949 0.999910 -0.007811 13.051600 0.023708 0.008069 0.999686 0.000000 0.000000 0.000000 0.000000 1.000000
0.999496 0.010141 -0.030076 -0.000000 -0.010478 0.999884 -0.011040 13.051600 0.029960 0.011350 0.999487 0.000000 0.000000 0.000000 0.000000 1.000000
0.999319 0.009007 -0.035795 0.000000 -0.009523 0.999853 -0.014263 13.051600 0.035661 0.014594 0.999257 -0.000000 0.000000 0.000000 0.000000 1.000000
0.999040 0.006611 -0.043306 0.000000 -0.007311 0.999845 -0.016031 13.051600 0.043193 0.016332 0.998933 -0.000000 0.000000 0.000000 0.000000 1.000000
0.998636 0.003384 -0.052105 0.000000 -0.004241 0.999857 -0.016354 13.051600 0.052042 0.016553 0.998508 0.000000 0.000000 0.000000 0.000000 1.000000
0.998240 0.000619 -0.059295 0.000000 -0.001348 0.999924 -0.012256 13.051600 0.059283 0.012315 0.998165 0.000000 0.000000 0.000000 0.000000 1.000000
0.998082 -0.003635 -0.061792 0.000000 0.003457 0.999990 -0.002986 13.051600 0.061803 0.002767 0.998085 0.000000 0.000000 0.000000 0.000000 1.000000
0.998264 -0.009427 -0.058146 0.000000 0.009824 0.999930 0.006556 13.051600 0.058080 -0.007116 0.998287 0.000000 0.000000 0.000000 0.000000 1.000000
0.998541 -0.018267 -0.050818 -0.000000 0.018857 0.999760 0.011149 13.051600 0.050602 -0.012091 0.998646 0.000000 0.000000 0.000000 0.000000 1.000000
0.998840 -0.023210 -0.042179 0.000000 0.023598 0.999683 0.008732 13.051600 0.041963 -0.009717 0.999072 -0.000000 0.000000 0.000000 0.000000 1.000000
0.999166 -0.024276 -0.032827 0.000000 0.024374 0.999700 0.002583 13.051600 0.032754 -0.003381 0.999458 -0.000000 0.000000 0.000000 0.000000 1.000000
0.999563 -0.020874 -0.020908 0.000000 0.020828 0.999780 -0.002442 13.051600 0.020955 0.002006 0.999778 0.000000 0.000000 0.000000 0.000000 1.000000
0.999866 -0.015292 -0.005855 -0.000000 0.015266 0.999874 -0.004399 13.051600 0.005922 0.004310 0.999973 0.000000 0.000000 0.000000 0.000000 1.000000
0.999889 -0.010066 0.010951 0.000000 0.010140 0.999926 -0.006716 13.051600 -0.010882 0.006826 0.999917 0.000000 0.000000 0.000000 0.000000 1.000000</float_array><technique_common><accessor source="#mixamorig1_Spine2-Matrix-animation-output-transform-array" count="32" stride="16"><param type="float4x4"/></accessor></technique_common></source><source id="mixamorig1_Spine2-Interpolations"><Name_array id="mixamorig1_Spine2-Interpolations-array" count="32">
 LINEAR LINEAR LINEAR LINEAR LINEAR LINEAR LINEAR LINEAR LINEAR LINEAR LINEAR
LINEAR LINEAR LINEAR LINEAR LINEAR LINEAR LINEAR LINEAR LINEAR LINEAR LINEAR LINEAR
LINEAR LINEAR LINEAR LINEAR LINEAR LINEAR LINEAR LINEAR LINEAR</Name_array><technique_common><accessor source="#mixamorig1_Spine2-Interpolations-array" count="32"><param type="name"/></accessor></technique_common></source><sampler id="mixamorig1_Spine2-Matrix-animation-transform"><input semantic="INPUT" source="#mixamorig1_Spine2-Matrix-animation-input"/><input semantic="OUTPUT" source="#mixamorig1_Spine2-Matrix-animation-output-transform"/><input semantic="INTERPOLATION" source="#mixamorig1_Spine2-Interpolations"/></sampler><channel source="#mixamorig1_Spine2-Matrix-animation-transform" target="mixamorig1_Spine2/matrix"/></animation>
    <animation id="mixamorig1_Neck-anim" name="mixamorig1_Neck"><source id="mixamorig1_Neck-Matrix-animation-input"><float_array id="mixamorig1_Neck-Matrix-animation-input-array" count="32">

0.000000 0.033333 0.066667 0.100000 0.133333 0.166667 0.200000 0.233333 0.266667 0.300000 0.333333 0.366667 0.400000 0.433333 0.466667 0.500000
0.533333 0.566667 0.600000 0.633333 0.666667 0.700000 0.733333 0.766667 0.800000 0.833333 0.866667 0.900000 0.933333 0.966667 1.000000 1.033333</float_array><technique_common><accessor source="#mixamorig1_Neck-Matrix-animation-input-array" count="32"><param name="TIME" type="float"/></accessor></technique_common></source><source id="mixamorig1_Neck-Matrix-animation-output-transform"><float_array id="mixamorig1_Neck-Matrix-animation-output-transform-array" count="512">

0.999972 0.007031 -0.002654 0.000000 -0.007300 0.992679 -0.120565 14.683000 0.001787 0.120581 0.992702 0.000000 0.000000 0.000000 0.000000 1.000000
0.999990 0.002713 -0.003587 0.000000 -0.003135 0.992316 -0.123692 14.683000 0.003224 0.123702 0.992314 -0.000000 0.000000 0.000000 0.000000 1.000000
0.999983 -0.003004 -0.004965 0.000000 0.002365 0.992277 -0.124015 14.683000 0.005299 0.124001 0.992268 0.000000 0.000000 0.000000 0.000000 1.000000
0.999959 -0.006954 -0.005845 0.000000 0.006139 0.991563 -0.129477 14.683000 0.006696 0.129436 0.991565 0.000000 0.000000 0.000000 0.000000 1.000000
0.999907 -0.011748 -0.006935 0.000000 0.010726 0.991129 -0.132471 14.683000 0.008430 0.132385 0.991163 0.000000 0.000000 0.000000 0.000000 1.000000
0.999807 -0.017729 -0.008520 0.000000 0.016414 0.990666 -0.135318 14.683000 0.010839 0.135152 0.990766 0.000000 0.000000 0.000000 0.000000 1.000000
0.999653 -0.024153 -0.010514 0.000000 0.022507 0.990523 -0.135493 14.683000 0.013687 0.135210 0.990722 0.000000 0.000000 0.000000 0.000000 1.000000
0.999523 -0.028413 -0.012131 0.000000 0.026581 0.991017 -0.131071 14.683000 0.015746 0.130686 0.991299 0.000000 0.000000 0.000000 0.000000 1.000000
0.999509 -0.028705 -0.012556 0.000000 0.026941 0.992008 -0.123266 14.683000 0.015994 0.122867 0.992294 0.000000 0.000000 0.000000 0.000000 1.000000
0.999575 -0.026631 -0.011818 -0.000000 0.024969 0.992025 -0.123543 14.683000 0.015014 0.123196 0.992269 0.000000 0.000000 0.000000 0.000000 1.000000
0.999592 -0.026414 -0.010834 0.000000 0.024810 0.991448 -0.128122 14.683000 0.014125 0.127801 0.991699 0.000000 0.000000 0.000000 0.000000 1.000000
0.999677 -0.023723 -0.009129 0.000000 0.022374 0.991657 -0.126945 14.683000 0.012064 0.126699 0.991868 0.000000 0.000000 0.000000 0.000000 1.000000
0.999850 -0.016174 -0.006248 0.000000 0.015261 0.991946 -0.125738 14.683000 0.008232 0.125624 0.992044 0.000000 0.000000 0.000000 0.000000 1.000000
0.999926 -0.011474 -0.003959 0.000000 0.010872 0.991676 -0.128302 14.683000 0.005398 0.128249 0.991727 0.000000 0.000000 0.000000 0.000000 1.000000
0.999971 -0.007448 -0.001836 0.000000 0.007141 0.991266 -0.131681 14.683000 0.002801 0.131664 0.991290 -0.000000 0.000000 0.000000 0.000000 1.000000
0.999993 -0.003865 0.000132 -0.000000 0.003846 0.990465 -0.137710 14.683000 0.000402 0.137710 0.990473 0.000000 0.000000 0.000000 0.000000 1.000000
0.999996 -0.002498 0.001581 0.000000 0.002694 0.990248 -0.139292 14.683000 -0.001218 0.139295 0.990250 -0.000000 0.000000 0.000000 0.000000 1.000000
0.999994 -0.002061 0.002675 -0.000000 0.002413 0.990284 -0.139038 14.683000 -0.002363 0.139044 0.990283 0.000000 0.000000 0.000000 0.000000 1.000000
0.999993 -0.001242 0.003535 -0.000000 0.001723 0.990189 -0.139727 14.683000 -0.003327 0.139733 0.990184 0.000000 0.000000 0.000000 0.000000 1.000000
0.999982 0.003600 0.004827 -0.000000 -0.002898 0.990377 -0.138362 14.683000 -0.005279 0.138346 0.990370 -0.000000 0.000000 0.000000 0.000000 1.000000
0.999961 0.006977 0.005468 0.000000 -0.006157 0.990436 -0.137835 14.683000 -0.006377 0.137796 0.990440 -0.000000 0.000000 0.000000 0.000000 1.000000
0.999919 0.011140 0.006210 0.000000 -0.010199 0.990778 -0.135108 14.683000 -0.007658 0.135034 0.990811 0.000000 0.000000 0.000000 0.000000 1.000000
0.999850 0.015732 0.007209 0.000000 -0.014679 0.991647 -0.128140 14.683000 -0.009165 0.128015 0.991730 0.000000 0.000000 0.000000 0.000000 1.000000
0.999819 0.017415 0.007596 0.000000 -0.016363 0.992440 -0.121631 14.683000 -0.009657 0.121485 0.992546 0.000000 0.000000 0.000000 0.000000 1.000000
0.999811 0.017974 0.007456 0.000000 -0.016937 0.992474 -0.121275 14.683000 -0.009580 0.121126 0.992591 0.000000 0.000000 0.000000 0.000000 1.000000
0.999864 0.015270 0.006272 0.000000 -0.014405 0.992638 -0.120261 14.683000 -0.008063 0.120154 0.992723 0.000000 0.000000 0.000000 0.000000 1.000000
0.999882 0.014455 0.005177 0.000000 -0.013750 0.993024 -0.117110 14.683000 -0.006833 0.117025 0.993105 0.000000 0.000000 0.000000 0.000000 1.000000
0.999949 0.009671 0.003041 -0.000000 -0.009272 0.993724 -0.111475 14.683000 -0.004100 0.111441 0.993763 0.000000 0.000000 0.000000 0.000000 1.000000
0.999979 0.006390 0.001154 0.000000 -0.006227 0.994074 -0.108523 14.683000 -0.001840 0.108513 0.994093 0.000000 0.000000 0.000000 0.000000 1.000000
0.999993 0.003811 -0.000636 0.000000 -0.003858 0.993835 -0.110803 14.683000 0.000210 0.110804 0.993842 0.000000 0.000000 0.000000 0.000000 1.000000
0.999992 0.003318 -0.002032 -0.000000 -0.003533 0.993150 -0.116797 14.683000 0.001630 0.116803 0.993154 0.000000 0.000000 0.000000 0.000000 1.000000
0.999972 0.007031 -0.002654 -0.000000 -0.007300 0.992679 -0.120565 14.683000 0.001787 0.120581 0.992702 0.000000 0.000000 0.000000 0.000000 1.000000</float_array><technique_common><accessor source="#mixamorig1_Neck-Matrix-animation-output-transform-array" count="32" stride="16"><param type="float4x4"/></accessor></technique_common></source><source id="mixamorig1_Neck-Interpolations"><Name_array id="mixamorig1_Neck-Interpolations-array" count="32">
 LINEAR LINEAR LINEAR LINEAR LINEAR LINEAR LINEAR LINEAR LINEAR LINEAR LINEAR
LINEAR LINEAR LINEAR LINEAR LINEAR LINEAR LINEAR LINEAR LINEAR LINEAR LINEAR LINEAR
LINEAR LINEAR LINEAR LINEAR LINEAR LINEAR LINEAR LINEAR LINEAR</Name_array><technique_common><accessor source="#mixamorig1_Neck-Interpolations-array" count="32"><param type="name"/></accessor></technique_common></source><sampler id="mixamorig1_Neck-Matrix-animation-transform"><input semantic="INPUT" source="#mixamorig1_Neck-Matrix-animation-input"/><input semantic="OUTPUT" source="#mixamorig1_Neck-Matrix-animation-output-transform"/><input semantic="INTERPOLATION" source="#mixamorig1_Neck-Interpolations"/></sampler><channel source="#mixamorig1_Neck-Matrix-animation-transform" target="mixamorig1_Neck/matrix"/></animation>
    <animation id="mixamorig1_Head-anim" name="mixamorig1_Head"><source id="mixamorig1_Head-Matrix-animation-input"><float_array id="mixamorig1_Head-Matrix-animation-input-array" count="32">

0.000000 0.033333 0.066667 0.100000 0.133333 0.166667 0.200000 0.233333 0.266667 0.300000 0.333333 0.366667 0.400000 0.433333 0.466667 0.500000
0.533333 0.566667 0.600000 0.633333 0.666667 0.700000 0.733333 0.766667 0.800000 0.833333 0.866667 0.900000 0.933333 0.966667 1.000000 1.033333</float_array><technique_common><accessor source="#mixamorig1_Head-Matrix-animation-input-array" count="32"><param name="TIME" type="float"/></accessor></technique_common></source><source id="mixamorig1_Head-Matrix-animation-output-transform"><float_array id="mixamorig1_Head-Matrix-animation-output-transform-array" count="512">

0.999972 0.007031 -0.002654 0.000000 -0.007031 0.999975 0.000007 6.720200 0.002654 0.000012 0.999996 1.972200 0.000000 0.000000 0.000000 1.000000
0.999990 0.002713 -0.003588 -0.000000 -0.002724 0.999991 -0.003145 6.720200 0.003579 0.003154 0.999989 1.972200 0.000000 0.000000 0.000000 1.000000
0.999983 -0.003004 -0.004965 0.000000 0.002987 0.999990 -0.003471 6.720200 0.004975 0.003456 0.999982 1.972200 0.000000 0.000000 0.000000 1.000000
0.999959 -0.006954 -0.005845 0.000000 0.006901 0.999936 -0.008978 6.720200 0.005907 0.008937 0.999943 1.972200 0.000000 0.000000 0.000000 1.000000
0.999907 -0.011748 -0.006936 0.000000 0.011665 0.999860 -0.011999 6.720200 0.007076 0.011917 0.999904 1.972200 0.000000 0.000000 0.000000 1.000000
0.999807 -0.017729 -0.008520 0.000000 0.017601 0.999734 -0.014872 6.720200 0.008781 0.014719 0.999853 1.972200 0.000000 0.000000 0.000000 1.000000
0.999653 -0.024153 -0.010514 0.000000 0.023993 0.999599 -0.015052 6.720200 0.010874 0.014794 0.999831 1.972200 0.000000 0.000000 0.000000 1.000000
0.999523 -0.028413 -0.012131 0.000000 0.028285 0.999544 -0.010592 6.720200 0.012426 0.010244 0.999870 1.972200 0.000000 0.000000 0.000000 1.000000
0.999509 -0.028705 -0.012556 0.000000 0.028673 0.999585 -0.002724 6.720200 0.012629 0.002363 0.999917 1.972200 0.000000 0.000000 0.000000 1.000000
0.999575 -0.026631 -0.011818 0.000000 0.026597 0.999642 -0.003002 6.720200 0.011894 0.002687 0.999926 1.972200 0.000000 0.000000 0.000000 1.000000
0.999592 -0.026414 -0.010834 0.000000 0.026333 0.999624 -0.007617 6.720200 0.011031 0.007328 0.999912 1.972200 0.000000 0.000000 0.000000 1.000000
0.999677 -0.023723 -0.009129 0.000000 0.023665 0.999699 -0.006427 6.720200 0.009279 0.006209 0.999938 1.972200 0.000000 0.000000 0.000000 1.000000
0.999850 -0.016174 -0.006248 0.000000 0.016142 0.999856 -0.005209 6.720200 0.006332 0.005107 0.999967 1.972200 0.000000 0.000000 0.000000 1.000000
0.999926 -0.011475 -0.003959 0.000000 0.011443 0.999904 -0.007791 6.720200 0.004048 0.007745 0.999962 1.972200 0.000000 0.000000 0.000000 1.000000
0.999971 -0.007448 -0.001836 0.000000 0.007427 0.999910 -0.011199 6.720200 0.001919 0.011185 0.999936 1.972200 0.000000 0.000000 0.000000 1.000000
0.999993 -0.003865 0.000132 0.000000 0.003866 0.999843 -0.017282 6.720200 -0.000065 0.017283 0.999851 1.972200 0.000000 0.000000 0.000000 1.000000
0.999996 -0.002498 0.001581 0.000000 0.002527 0.999819 -0.018880 6.720200 -0.001534 0.018883 0.999821 1.972200 0.000000 0.000000 0.000000 1.000000
0.999994 -0.002061 0.002675 -0.000000 0.002110 0.999824 -0.018624 6.720200 -0.002636 0.018630 0.999823 1.972200 0.000000 0.000000 0.000000 1.000000
0.999993 -0.001242 0.003535 0.000000 0.001310 0.999812 -0.019320 6.720200 -0.003510 0.019324 0.999807 1.972200 0.000000 0.000000 0.000000 1.000000
0.999982 0.003600 0.004827 0.000000 -0.003513 0.999833 -0.017943 6.720200 -0.004891 0.017925 0.999827 1.972200 0.000000 0.000000 0.000000 1.000000
0.999961 0.006977 0.005468 -0.000000 -0.006881 0.999825 -0.017410 6.720200 -0.005589 0.017372 0.999833 1.972200 0.000000 0.000000 0.000000 1.000000
0.999919 0.011140 0.006210 0.000000 -0.011048 0.999832 -0.014659 6.720200 -0.006372 0.014589 0.999873 1.972200 0.000000 0.000000 0.000000 1.000000
0.999850 0.015732 0.007209 0.000000 -0.015677 0.999848 -0.007631 6.720200 -0.007328 0.007517 0.999945 1.972200 0.000000 0.000000 0.000000 1.000000
0.999819 0.017415 0.007596 0.000000 -0.017408 0.999848 -0.001070 6.720200 -0.007614 0.000938 0.999971 1.972200 0.000000 0.000000 0.000000 1.000000
0.999811 0.017974 0.007456 0.000000 -0.017969 0.999838 -0.000712 6.720200 -0.007468 0.000578 0.999972 1.972200 0.000000 0.000000 0.000000 1.000000
0.999864 0.015270 0.006272 0.000000 -0.015272 0.999883 0.000311 6.720200 -0.006267 -0.000406 0.999980 1.972200 0.000000 0.000000 0.000000 1.000000
0.999882 0.014455 0.005177 0.000000 -0.014473 0.999889 0.003485 6.720200 -0.005126 -0.003559 0.999981 1.972200 0.000000 0.000000 0.000000 1.000000
0.999949 0.009671 0.003041 0.000000 -0.009699 0.999911 0.009158 6.720200 -0.002952 -0.009187 0.999953 1.972200 0.000000 0.000000 0.000000 1.000000
0.999979 0.006390 0.001154 -0.000000 -0.006404 0.999906 0.012129 6.720200 -0.001076 -0.012136 0.999926 1.972200 0.000000 0.000000 0.000000 1.000000
0.999993 0.003811 -0.000636 0.000000 -0.003804 0.999944 0.009835 6.720200 0.000674 -0.009832 0.999951 1.972200 0.000000 0.000000 0.000000 1.000000
0.999992 0.003318 -0.002032 0.000000 -0.003310 0.999987 0.003802 6.720200 0.002044 -0.003795 0.999991 1.972200 0.000000 0.000000 0.000000 1.000000
0.999972 0.007031 -0.002654 0.000000 -0.007031 0.999975 0.000006 6.720200 0.002654 0.000012 0.999996 1.972200 0.000000 0.000000 0.000000 1.000000</float_array><technique_common><accessor source="#mixamorig1_Head-Matrix-animation-output-transform-array" count="32" stride="16"><param type="float4x4"/></accessor></technique_common></source><source id="mixamorig1_Head-Interpolations"><Name_array id="mixamorig1_Head-Interpolations-array" count="32">
 LINEAR LINEAR LINEAR LINEAR LINEAR LINEAR LINEAR LINEAR LINEAR LINEAR LINEAR
LINEAR LINEAR LINEAR LINEAR LINEAR LINEAR LINEAR LINEAR LINEAR LINEAR LINEAR LINEAR
